service_id,monday,tuesday,wednesday,thursday,friday,saturday,sunday,start_date,end_date
BA:75724,1,1,1,1,1,0,0,20220214,20220909
SC:77876,0,0,0,0,1,0,0,20220617,20220812
SC:76350,1,0,1,0,1,0,0,20220815,20221028
SC:77820,0,0,1,0,1,0,0,20220824,20221028
SC:77836,1,1,0,0,0,0,0,20220815,20221017
SC:76360,1,0,0,0,0,0,0,20220815,20221024
SC:77823,0,0,0,0,0,1,0,20220827,20220827
SO:77389,0,0,0,0,0,1,0,20220612,20220813
UC:74965,0,0,0,0,0,1,0,20220212,20220911
SC:76356,0,0,0,0,1,0,0,20220815,20221028
SC:76293,0,0,1,0,1,0,0,20220817,20221028
AC:77902,1,1,1,1,1,0,0,20220807,20221203
VC:72877,0,0,0,0,0,1,0,20220801,20230601
SC:76277,0,1,0,1,0,0,0,20220823,20221027
AC:76767,0,1,0,0,0,0,0,20220807,20221203
ST:77943,1,1,1,1,1,0,0,20220918,20231231
CT:72982,1,1,1,1,1,0,0,20220307,20221101
SA:76456,0,0,0,0,0,1,1,20220430,20230630
SC:76299,1,1,1,1,1,0,0,20220822,20221028
SC:77828,0,1,0,1,0,0,0,20220816,20221027
GG:75205,0,0,0,0,0,0,1,20220821,20220905
SC:72915,1,1,0,1,0,0,0,20220822,20221027
SC:77814,0,0,0,0,0,0,1,20220918,20220918
AC:77900,0,0,1,0,0,0,0,20220807,20221203
3D:77957,0,0,0,0,0,1,0,20220912,20231231
SC:76290,1,1,1,1,0,0,0,20220829,20221027
AF:77687,1,1,1,1,1,0,0,20220601,20220831
EM:72791,0,0,0,0,0,1,0,20220527,20221231
FS:75720,1,1,1,1,1,0,0,20220807,20230101
SC:77832,1,0,1,0,1,0,0,20220815,20221028
SC:77865,1,1,1,1,1,0,0,20220613,20220809
SC:76513,1,0,0,0,0,0,0,20220815,20221024
SC:77817,0,1,0,1,0,0,0,20220823,20221027
AC:77909,0,0,0,0,0,0,0,20220808,20221125
SC:77871,1,1,1,1,1,0,0,20220613,20220810
SC:77819,0,0,1,0,1,0,0,20220824,20221028
SO:73086,0,0,0,0,0,1,1,20220814,20221231
ST:77947,0,0,0,0,0,0,1,20220816,20231231
AF:77968,0,0,0,0,0,1,1,20221010,20221031
DE:77763,1,1,1,1,1,0,0,20220328,20220610
WC:76918,1,1,0,1,1,0,0,20220816,20221118
SM:77923,1,1,0,1,1,0,0,20220815,20221104
SO:77940,0,0,0,0,0,0,0,20221125,20221125
VN:73049,1,1,1,1,1,0,0,20220814,20230301
ST:73006,1,1,1,1,1,0,0,20220816,20221120
PE:72837,0,0,1,0,0,0,0,20210628,20220628
SC:77854,1,1,1,1,1,0,0,20220613,20220811
AF:77965,1,1,1,1,1,0,0,20220901,20220911
CC:75938,0,0,0,0,0,1,0,20220807,20221112
SC:77860,0,0,0,0,0,1,0,20220618,20220813
SC:72914,1,1,1,1,1,0,0,20220815,20221028
SO:73087,0,0,0,0,0,0,1,20220814,20221231
AM:75701,0,0,0,0,0,1,1,20220815,20221231
SM:77786,0,1,0,0,0,0,0,20220808,20220812
CC:75937,0,0,1,0,0,0,0,20220807,20221112
PE:76184,0,0,0,0,0,0,0,20210705,20211220
MV:77730,0,0,0,0,0,0,0,20220715,20221007
VC:76944,0,0,0,0,0,1,0,20210801,20220731
SC:77885,1,1,1,1,1,0,0,20220613,20220812
SC:76355,0,0,0,0,0,1,0,20220820,20221029
SC:77859,1,1,1,1,1,0,0,20220613,20220809
SC:77869,0,0,0,0,0,0,1,20220619,20220814
BA:75726,0,0,0,0,0,1,0,20220219,20220910
mtc-fares:sept2021,1,1,1,1,1,1,1,20210901,20210930
CM:73306,1,1,1,1,1,0,0,20220523,20230101
SC:76345,0,0,0,1,0,0,0,20220818,20221027
SC:76351,1,0,0,0,0,0,0,20220822,20221010
WH:77798,1,0,0,0,0,0,0,20220813,20220930
SF:73693,0,0,0,0,0,1,0,20220730,20220930
SC:76302,1,1,0,1,0,0,0,20220815,20221027
AC:77914,0,0,0,0,0,0,0,20220808,20221125
GF:76707,0,0,0,0,0,0,1,20220710,20220905
SI:74999,1,1,1,1,1,1,1,20210505,20291231
SC:77840,1,1,1,1,1,0,0,20220613,20220811
SC:76287,0,0,1,0,1,0,0,20220817,20221028
SC:76300,1,1,1,1,1,0,0,20220815,20221017
AF:77685,0,0,0,0,0,1,1,20220401,20220531
SS:75014,1,1,1,1,1,0,0,20220101,20230131
SC:77808,1,1,1,1,1,0,0,20220817,20221028
BA:75725,0,0,0,0,0,1,0,20220219,20220910
WH:77801,1,1,1,1,1,0,0,20220711,20220812
SC:77834,0,1,0,1,0,0,0,20220816,20221027
SC:77822,0,0,1,0,0,0,0,20220817,20221026
SM:77930,0,0,1,0,1,0,0,20220815,20221104
SM:77785,0,0,0,1,0,0,0,20220808,20220812
BA:72954,0,0,0,0,0,1,0,20220219,20220910
SC:77807,0,0,0,1,1,0,0,20221013,20221014
SC:77825,1,0,0,0,0,0,0,20220815,20221024
SC:77815,1,1,1,1,0,0,0,20220815,20221027
SC:77846,0,0,0,0,1,0,0,20220812,20220812
WH:77698,0,0,0,0,1,0,0,20220813,20220930
3D:72971,0,0,0,0,0,1,0,20220214,20220911
SR:77589,1,1,1,1,1,0,0,20220814,20230808
CC:75939,1,1,0,1,1,0,0,20220807,20221112
SM:77789,1,1,0,1,0,0,0,20220808,20220812
SO:75493,1,1,1,1,1,0,0,20220814,20221231
SO:77939,0,0,0,0,0,0,0,20221125,20221125
3D:77958,0,0,0,0,0,0,1,20220214,20220911
SC:77853,1,1,1,1,1,0,0,20220613,20220812
SC:77740,1,1,1,1,1,0,0,20220816,20221028
SC:77858,0,0,1,1,1,0,0,20220810,20220812
AC:77903,1,1,1,1,1,0,0,20220807,20221203
SM:77921,1,1,1,1,1,0,0,20220815,20221104
GG:75117,0,0,0,0,0,1,0,20220820,20220910
ST:77945,1,1,1,1,1,0,0,20221126,20231231
SC:77809,1,1,1,1,1,0,0,20220817,20221028
SC:77879,0,0,0,0,1,0,0,20220812,20220812
SC:77851,0,0,1,1,0,0,0,20220810,20220811
AC:77895,1,1,1,1,1,0,0,20220807,20221203
SM:77926,0,0,1,0,0,0,0,20220815,20221104
3D:72969,1,1,1,1,1,0,0,20220214,20220911
PE:76186,0,0,0,0,0,0,0,20210630,20211222
FS:76114,1,1,1,1,1,0,0,20220402,20220805
AC:72906,1,1,1,1,1,0,0,20220807,20221203
WC:72889,0,0,0,0,0,1,1,20210918,20230228
WC:72890,1,1,1,1,1,0,0,20210918,20230228
SM:77791,1,1,1,0,1,0,0,20220808,20220812
SO:77570,1,1,1,1,1,0,0,20220815,20221230
ST:77944,1,1,1,1,1,0,0,20221011,20221120
PE:72836,0,0,0,0,0,1,0,20210628,20220628
VC:76144,1,1,1,1,1,0,0,20220801,20230601
SC:72916,0,0,1,0,1,0,0,20220815,20221028
SC:77831,0,0,1,0,1,0,0,20220817,20221028
mtc-fares:sept2021_friday,0,0,0,0,1,0,0,20210901,20210930
AC:77910,0,0,0,0,0,0,0,20220808,20221125
GF:77599,0,0,0,0,0,0,1,20220612,20220705
3D:72970,1,1,1,1,1,0,0,20220912,20231231
PE:76188,0,0,0,0,0,0,0,20210702,20210813
CT:77078,1,1,1,1,1,0,0,20220521,20221101
SC:77855,1,1,1,1,1,0,0,20220613,20220811
UC:76872,1,1,1,1,1,0,0,20220212,20220911
SC:77861,0,0,1,1,1,0,0,20220810,20220812
SC:77824,1,0,0,0,0,0,0,20220815,20221024
BA:75397,0,0,0,0,0,0,1,20220724,20220828
CT:77419,0,0,0,0,0,0,0,20220626,20220626
SC:76286,1,1,0,1,0,0,0,20220822,20221027
AC:77893,0,0,0,0,1,0,0,20220807,20221203
SR:73068,0,0,0,0,0,1,0,20220814,20230808
FS:72801,0,0,0,0,0,1,0,20220807,20230101
SC:77816,0,0,0,0,1,0,0,20220819,20221028
MA:77767,0,0,0,0,1,0,0,20220612,20230610
ST:73007,1,1,1,1,1,0,0,20220816,20231231
SC:77829,0,0,1,0,1,0,0,20220817,20221028
SM:73027,1,1,1,1,1,0,0,20220808,20220812
SB:75756,0,0,0,0,0,1,1,20210701,20221101
PE:76183,0,0,0,0,1,0,0,20210628,20220628
SC:76280,0,0,1,0,1,0,0,20220817,20221028
SC:77888,0,0,0,1,0,0,0,20220811,20220811
SC:77881,0,0,0,1,0,0,0,20220811,20220811
AC:72908,0,0,1,0,0,0,0,20220807,20221203
SM:77792,1,1,0,0,1,0,0,20220808,20220812
SB:72855,0,0,0,0,0,1,1,20211108,20230801
CE:76177,1,1,1,1,1,0,0,20200323,20221231
SC:77864,0,0,1,1,1,0,0,20220810,20220812
SC:76353,1,0,1,0,1,0,0,20220822,20221012
SO:77388,0,0,0,0,0,0,1,20220612,20220813
SC:77830,1,1,0,1,0,0,0,20220815,20221027
SC:76283,0,1,1,1,1,0,0,20220816,20221028
AC:77907,1,1,1,1,0,0,1,20220807,20221202
WH:72990,0,0,0,0,0,0,1,20220813,20220930
CE:77596,0,0,0,1,0,0,0,20201231,20201231
SC:77841,0,0,1,1,1,0,0,20220810,20220812
SC:77883,0,0,1,1,0,0,0,20220810,20220811
SC:77862,0,0,1,1,1,0,0,20220810,20220812
SC:76358,1,1,1,1,1,0,0,20220815,20221028
AF:77686,0,0,1,1,1,0,0,20220401,20220531
SF:73692,1,1,1,1,1,0,0,20220730,20220930
VN:73048,0,0,0,0,0,1,0,20220814,20230301
GG:73017,1,1,1,1,1,0,0,20220815,20220909
SA:73343,1,1,1,1,1,0,0,20220613,20230630
SC:76292,1,1,1,1,1,0,0,20220822,20221028
SC:76343,0,0,0,1,0,0,0,20220818,20221027
SM:77933,1,1,1,0,1,0,0,20220815,20221104
SC:76359,1,1,0,1,0,0,0,20220815,20221027
GF:77601,0,0,0,0,0,1,0,20220618,20220705
SC:76352,1,1,1,1,1,0,0,20220815,20221028
SC:76291,0,0,1,0,1,0,0,20220817,20221028
SC:76278,1,0,1,0,1,0,0,20220815,20221028
SM:77927,0,0,0,1,0,0,0,20220815,20221104
PE:76181,0,1,0,0,0,0,0,20210628,20220628
SC:77886,1,1,1,1,1,0,0,20220613,20220812
GF:72813,1,1,1,1,1,0,0,20220706,20220909
WH:77802,0,0,0,0,0,1,0,20220617,20220710
SC:77872,1,1,1,1,1,0,0,20220613,20220722
AC:77905,1,1,0,1,1,0,0,20220807,20221203
SM:77932,0,0,1,1,0,0,0,20220815,20221104
ST:77942,1,1,1,1,1,0,0,20220816,20221009
SC:77839,0,0,0,0,1,0,0,20220812,20220812
AC:77915,0,0,0,0,0,0,0,20220808,20221125
WC:76916,0,0,1,0,0,0,0,20220816,20221118
SM:77929,1,0,1,1,1,0,0,20220815,20221104
PE:76180,1,0,0,0,0,0,0,20210628,20220628
CT:77157,0,0,0,0,0,1,1,20220307,20221101
FS:76113,0,0,0,0,0,1,0,20220402,20220805
SC:77857,1,1,1,1,1,0,0,20220613,20220809
SM:73026,1,1,1,1,1,0,0,20220808,20220812
SM:77784,0,0,1,0,0,0,0,20220808,20220812
WH:72991,0,0,1,0,0,0,0,20220813,20220930
VN:73047,0,0,0,0,0,0,1,20220814,20230301
SM:77934,1,1,0,0,1,0,0,20220815,20221104
BA:75398,1,1,1,1,1,0,0,20220214,20220909
SC:77811,1,1,0,1,0,0,0,20220815,20221027
SC:77848,0,0,0,0,1,0,0,20220812,20220812
AC:72910,1,1,0,1,1,0,0,20220807,20221203
GF:77600,1,1,1,1,1,0,0,20220613,20220705
SC:77842,0,0,0,0,1,0,0,20220812,20220812
SC:77878,0,0,0,0,1,0,0,20220729,20220729
AC:77896,1,1,0,1,1,0,0,20220807,20221203
SR:77588,0,0,0,0,0,0,1,20220814,20230808
EM:72790,0,0,0,0,0,0,1,20220527,20221231
SC:77875,1,1,1,1,0,0,0,20220613,20220811
SC:77818,1,0,1,0,1,0,0,20220815,20221028
SC:77874,0,0,0,0,1,0,0,20220812,20220812
MA:76017,0,0,0,1,0,0,0,20220612,20230610
SC:77843,0,0,0,0,1,0,0,20220812,20220812
SC:77863,0,0,1,1,0,0,0,20220810,20220811
SC:76284,1,1,1,1,1,0,0,20220815,20221028
AC:77901,1,1,1,1,0,0,0,20220807,20221203
SO:77390,1,1,1,1,1,0,0,20220612,20220813
BA:77724,0,0,0,0,0,0,1,20220220,20220911
BA:76312,0,0,0,0,0,0,1,20220220,20220911
MA:76018,0,0,1,0,0,0,0,20220612,20230610
AC:77894,1,1,1,1,1,0,0,20220807,20221203
WH:77800,0,0,0,0,0,0,1,20220711,20220812
EM:72792,1,1,1,1,1,0,0,20220527,20221231
SC:76282,1,1,1,1,1,0,0,20220817,20221028
SC:77852,0,1,1,0,1,0,0,20220809,20220812
AC:77908,0,0,0,0,1,0,0,20220807,20221202
AC:77904,0,0,1,0,0,0,0,20220807,20221203
AC:77892,0,0,0,0,0,1,0,20220807,20221203
MV:77564,1,1,1,1,1,0,0,20220523,20221231
SC:77884,0,0,0,0,1,0,0,20220812,20220812
SC:76349,1,1,0,1,0,0,0,20220822,20221027
SC:77838,1,1,1,1,1,0,0,20220613,20220809
AC:72907,1,1,1,1,1,0,0,20220807,20221203
WC:72891,1,1,1,1,1,0,0,20210918,20230228
BA:75396,0,0,0,0,0,0,1,20220320,20220605
SF:73694,0,0,0,0,0,0,1,20220730,20220930
SC:77739,1,1,1,1,1,0,0,20220815,20221028
SC:77821,1,1,1,1,1,0,0,20220815,20221028
SC:76357,1,1,1,1,1,0,0,20220815,20221028
SC:77837,1,1,1,1,1,0,0,20220613,20220812
MA:77771,1,1,1,1,1,0,0,20220612,20220812
MA:72918,1,1,1,1,1,0,0,20220612,20230610
ST:76802,1,1,1,1,1,0,0,20220816,20220917
ST:77946,0,0,0,0,0,1,0,20220816,20231231
WC:76917,1,1,1,1,1,0,0,20220816,20221118
SM:77790,0,0,1,1,0,0,0,20220808,20220812
MA:77770,0,0,0,0,0,0,1,20220101,20230610
SC:76301,1,1,0,1,1,0,0,20220817,20221028
SC:77867,1,1,1,1,1,0,0,20220613,20220809
SC:77856,1,1,1,1,1,0,0,20220613,20220812
AC:72905,1,0,0,1,1,0,0,20220807,20221203
SC:76346,0,0,1,0,0,0,0,20220824,20221026
AC:72909,1,1,1,1,1,0,0,20220807,20221203
WH:77700,0,0,0,1,0,0,0,20220813,20220930
AF:77688,0,0,0,0,0,1,1,20220601,20220831
WC:72893,1,1,1,1,1,0,0,20210918,20230228
SC:76297,1,1,0,1,0,0,0,20220822,20221027
SC:77880,0,0,0,1,0,0,0,20220811,20220811
SC:76275,1,0,1,0,1,0,0,20220822,20221028
SC:76289,1,1,1,1,1,0,0,20220815,20221028
SO:76120,0,0,0,0,0,1,1,20220612,20220813
BA:72953,1,1,1,1,1,0,0,20220214,20220909
MA:77768,1,0,0,0,0,0,0,20220612,20230610
DE:77488,1,1,1,1,1,0,0,20220613,20220805
SC:76276,0,1,0,1,0,0,0,20220815,20221027
SC:77813,1,1,1,1,1,0,0,20220815,20221028
SM:77783,1,1,0,1,1,0,0,20220808,20220812
PE:76182,0,0,0,1,0,0,0,20210628,20220628
SC:77810,0,0,0,1,0,0,0,20220818,20221027
WH:77799,0,0,0,0,0,1,0,20220711,20220812
SC:76285,0,0,1,0,1,0,0,20220817,20221028
AC:77913,0,0,0,0,0,0,0,20220916,20221125
AC:77899,0,0,1,0,0,0,0,20220807,20221203
PE:72835,0,0,0,0,0,0,1,20210628,20220628
PE:76187,0,0,0,0,0,0,0,20210701,20211223
TD:74346,0,1,0,1,0,0,0,20220322,20221001
DE:72781,1,1,1,1,1,0,0,20220808,20221202
SM:77928,0,1,0,0,0,0,0,20220815,20221104
SO:75492,0,0,0,0,0,1,0,20220814,20221231
3D:77959,0,0,0,0,0,0,1,20220912,20231231
SC:77887,1,1,1,1,1,0,0,20220613,20220811
SC:77850,1,1,1,1,1,0,0,20220613,20220712
GF:76504,0,0,0,0,0,1,0,20220709,20220910
SM:77922,1,1,1,1,1,0,0,20220815,20221104
AM:72761,1,1,1,1,1,0,0,20220815,20221231
SC:76279,1,0,0,0,0,0,0,20220822,20221010
SC:77870,0,0,0,1,1,0,0,20220811,20220812
AC:77912,0,0,0,0,0,0,0,20221118,20221118
WH:77804,1,1,1,1,1,0,0,20220617,20220710
SC:76295,1,1,1,1,1,0,0,20220822,20221028
SM:77787,1,0,1,1,1,0,0,20220808,20220812
SM:77793,0,0,0,0,0,1,0,20220813,20221105
WH:72989,0,0,0,0,0,1,0,20220813,20220930
RV:72849,1,1,1,1,1,0,0,20210622,20221101
SC:76347,1,1,1,0,1,0,0,20220815,20221028
SC:76296,1,1,1,1,1,0,0,20220815,20221017
SC:77849,1,1,1,1,1,0,0,20220613,20220811
WH:77803,0,0,0,0,0,0,1,20220617,20220710
PE:76185,0,0,0,0,0,0,0,20210629,20211221
SC:76354,0,0,1,0,1,0,0,20220824,20221028
AC:77898,1,1,0,1,1,0,0,20220807,20221203
SM:77931,1,1,0,1,0,0,0,20220815,20221104
SB:72856,1,1,1,1,1,0,0,20211108,20230801
SC:77780,1,1,0,1,1,0,0,20220815,20221028
SC:76342,1,1,1,0,1,0,0,20220815,20221028
AC:77897,0,0,0,0,0,0,1,20220807,20221203
WH:77699,0,1,0,0,0,0,0,20220813,20220930
AF:77967,0,0,1,1,1,0,0,20220912,20221031
UC:74964,0,0,0,0,0,0,1,20220212,20220911
SC:77882,0,0,0,0,1,0,0,20220812,20220812
SC:77812,0,0,0,0,0,0,1,20220821,20221030
WC:72892,0,0,0,0,0,1,0,20200418,20230228
SC:77833,1,1,1,1,1,0,0,20220817,20221028
SC:77826,1,1,0,1,1,0,0,20220815,20221028
SC:76288,1,1,0,1,0,0,0,20220815,20221027
SM:77788,0,0,1,0,1,0,0,20220808,20220812
CC:77917,0,0,0,0,0,0,1,20220807,20221112
SC:76294,1,1,0,1,0,0,0,20220815,20221027
SC:77844,1,1,1,1,1,0,0,20220613,20220811
AC:77911,0,0,0,0,0,0,0,20220808,20221125
AC:77906,0,0,0,0,0,1,0,20220807,20221202
EM:77154,0,0,0,0,0,0,0,20221125,20221125
CC:77918,0,0,0,0,0,0,0,20220808,20221111
SC:76298,1,0,0,0,0,0,0,20220822,20221024
SC:76344,0,0,1,0,1,0,0,20220817,20221028
SC:77806,0,0,0,1,1,0,0,20221013,20221014
SC:77877,0,0,0,1,1,0,0,20220811,20220812
SC:77835,0,0,1,0,1,0,0,20220824,20221028
SC:77868,0,0,0,0,0,1,0,20220702,20220702
SC:77847,1,1,1,1,1,0,0,20220613,20220811
MA:77769,0,0,0,0,0,1,0,20220612,20230610
SC:77845,0,0,1,1,1,0,0,20220810,20220812
SM:73025,0,0,0,0,0,0,1,20220807,20221030
BA:72955,0,0,0,0,0,0,1,20220220,20220911
AF:77966,0,0,0,0,0,1,1,20220901,20221009
CT:72981,0,0,0,0,0,1,1,20220307,20221101
VC:76945,1,1,1,1,1,0,0,20210801,20220731
SC:77827,0,1,0,1,0,0,0,20220816,20221027
SC:77889,1,1,1,1,1,0,0,20220613,20220812
MA:77766,0,1,0,0,0,0,0,20220612,20230610
SC:77873,1,1,1,1,1,0,0,20220620,20220812
SC:77866,1,1,1,1,1,0,0,20220613,20220809
SC:76281,1,1,0,1,0,0,0,20220815,20221027
